2 0.567187 0.375000 0.040625 0.037500
2 0.644531 0.442188 0.034375 0.037500
2 0.792578 0.263672 0.053906 0.038281
2 0.825391 0.147266 0.030469 0.022656
2 0.706641 0.194922 0.025781 0.030469
2 0.603516 0.482031 0.036719 0.015625
2 0.536328 0.524219 0.039844 0.018750
2 0.621875 0.580078 0.026562 0.013281
2 0.975781 0.851562 0.040625 0.032813
2 0.682422 0.889453 0.028906 0.030469
2 0.711719 0.943750 0.056250 0.053125
2 0.577734 0.744141 0.032031 0.021094
2 0.690625 0.723047 0.026562 0.019531
2 0.760938 0.656250 0.032813 0.028125
2 0.758203 0.568750 0.022656 0.023438
2 0.097656 0.480469 0.034375 0.028125
2 0.410156 0.446094 0.031250 0.021875
2 0.884766 0.598828 0.032031 0.017969
2 0.429688 0.780469 0.035937 0.012500
1 0.494922 0.658594 0.066406 0.221875
1 0.547656 0.480078 0.040625 0.055469
