2 0.552385 0.418230 0.021110 0.021688
2 0.445270 0.464537 0.028929 0.016999
2 0.583659 0.482708 0.024238 0.013482
2 0.604378 0.609027 0.035966 0.017585
2 0.805708 0.461899 0.022674 0.016413
2 0.685301 0.327960 0.035184 0.018171
2 0.593432 0.363130 0.039093 0.014654
2 0.453870 0.391559 0.044566 0.023447
2 0.487881 0.418816 0.031274 0.009965
2 0.486708 0.541911 0.035184 0.009965
2 0.514464 0.652110 0.026583 0.012309
2 0.562549 0.641559 0.021110 0.012309
2 0.361220 0.601993 0.032838 0.014068
2 0.870211 0.468054 0.026583 0.018171
2 0.908913 0.310961 0.038311 0.032239
2 0.501955 0.292204 0.035966 0.021688
2 0.686474 0.089097 0.035966 0.030481
2 0.732995 0.124267 0.039875 0.021102
2 0.858874 0.106975 0.035184 0.024033
2 0.176310 0.288687 0.046130 0.025205
2 0.968335 0.424091 0.027365 0.018171
2 0.810008 0.514654 0.048475 0.018757
2 0.983972 0.509086 0.032056 0.020516
