1 0.630787 0.504437 0.592593 0.183256
2 0.354360 0.652199 0.046682 0.035880
2 0.637346 0.909144 0.053241 0.040509
2 0.386188 0.396798 0.040895 0.027392
2 0.531829 0.401620 0.031250 0.017747
2 0.848573 0.323302 0.052083 0.026235
2 0.902392 0.229938 0.050926 0.033179
2 0.840471 0.877315 0.031250 0.020833
2 0.275463 0.968364 0.040895 0.033179
2 0.302276 0.713156 0.037423 0.025849
2 0.255787 0.762731 0.038580 0.018519
2 0.254244 0.730517 0.014660 0.016590
2 0.190201 0.773727 0.030093 0.028164
2 0.739198 0.719907 0.041667 0.014660
2 0.233410 0.846065 0.054012 0.035494
2 0.353395 0.770062 0.027006 0.020833
2 0.573302 0.246142 0.041667 0.040895
2 0.613426 0.286265 0.047068 0.027006
2 0.813657 0.179591 0.053241 0.025077
