2 0.326968 0.654900 0.069059 0.049769
2 0.155093 0.581404 0.050154 0.041667
2 0.106481 0.459877 0.040123 0.043210
2 0.396991 0.365162 0.041667 0.039738
2 0.465664 0.231096 0.054784 0.060957
2 0.102431 0.185185 0.054398 0.050154
2 0.652392 0.441744 0.047840 0.044753
2 0.879630 0.764660 0.053241 0.038580
2 0.190972 0.713542 0.047840 0.028935
2 0.531057 0.484954 0.036651 0.038580
2 0.778549 0.764082 0.037037 0.036651
2 0.955633 0.268133 0.037037 0.025463
2 0.329475 0.581404 0.027006 0.020833
2 0.330440 0.108025 0.037423 0.023920
2 0.837770 0.385802 0.019676 0.017747
2 0.631944 0.937886 0.041667 0.033179
2 0.552469 0.873264 0.027006 0.018904
2 0.956597 0.667438 0.042824 0.026235
2 0.557870 0.562500 0.041667 0.023148
2 0.551119 0.176312 0.048997 0.029321
2 0.648920 0.180170 0.026235 0.017747
2 0.137539 0.121142 0.043596 0.023148
2 0.800347 0.480131 0.028164 0.016590
