1 0.479687 0.156250 0.275000 0.306250
1 0.532813 0.509375 0.106250 0.390625
2 0.077344 0.604297 0.037500 0.032031
2 0.029687 0.639844 0.034375 0.025000
2 0.027734 0.708203 0.036719 0.024219
2 0.085156 0.753125 0.046875 0.026562
2 0.311328 0.754297 0.033594 0.017969
2 0.642969 0.632031 0.037500 0.021875
2 0.789453 0.571094 0.039844 0.021875
2 0.886328 0.444531 0.039844 0.040625
2 0.854297 0.380469 0.035156 0.031250
2 0.325000 0.492969 0.043750 0.028125
2 0.148828 0.199609 0.035156 0.028906
2 0.887500 0.100000 0.050000 0.032813
2 0.069141 0.416406 0.042969 0.031250
2 0.200781 0.452734 0.028125 0.016406
2 0.205859 0.614844 0.032031 0.018750
2 0.297656 0.550781 0.046875 0.040625
2 0.189844 0.715234 0.118750 0.072656
2 0.084375 0.922266 0.039062 0.039844
