2 0.610938 0.129297 0.040625 0.024219
2 0.346094 0.289453 0.053125 0.030469
2 0.976172 0.173047 0.039844 0.041406
2 0.860938 0.042578 0.034375 0.027344
2 0.187891 0.148438 0.042969 0.032813
2 0.597266 0.244922 0.041406 0.022656
2 0.625000 0.537109 0.065625 0.033594
2 0.409766 0.221875 0.042969 0.028125
2 0.814063 0.232813 0.023438 0.023438
2 0.918750 0.190625 0.045312 0.021875
2 0.880859 0.370703 0.024219 0.030469
2 0.964844 0.450391 0.028125 0.022656
2 0.874219 0.452734 0.043750 0.039844
2 0.275000 0.545312 0.029687 0.025000
2 0.253516 0.235937 0.025781 0.020313
2 0.112891 0.289062 0.036719 0.026562
2 0.392188 0.031250 0.051562 0.023438
2 0.673828 0.150781 0.035156 0.025000
2 0.750781 0.114062 0.040625 0.026562
2 0.934766 0.094922 0.036719 0.019531
2 0.635547 0.160938 0.028906 0.025000
2 0.598047 0.462500 0.027344 0.020313
